# R peak detection using the Pan Tompkins algorithm
752
752
744
732
736
740
736
744
752
760
760
760
772
768
760
756
756
764
33740
716
696
680
720
736
740
748
752
760
780
788
784
756
804
784
784
760
796
784
788
764
780
812
788
764
800
752
760
776
732
780
732
768
3668
716
728
668
708
724
11396
708
720
760
740
748
788
732
788
772
780
780
756
804
780
788
784
804
768
792
800
812
760
788
728
760
804
744
768
768
768
776
776
756
800
804
776
784
760
824
764
788
784
792
804
808
772
796
808
820
752
828
800
796
768
820
780
800
780
844
784
820
784
764
804
748
772
776
772
800
760
788
816
768
788
808
780
788
780
788
816
772
784
788
776
804
748
792
760
748
772
768
772
808
768
784
788
784
804
772
772
748
804
756
788
752
808
764
792
788
800
792
792
800
816
796
768
792
812
764
804
784
788
744
800
776
808
772
792
804
788
788
764
800
760
788
792
752
788
776
748
772
740
732
728
728
716
716
708
720
720
724
728
712
764
748
752
760
772
772
772
772
776
776
772
768
764
772
768
760
744
796
780
780
784
792
792
784
792
788
796
776
764
760
748
744
736
740
728
752
3564
708
724
732
748
756
764
776
792
792
792
800
812
808
800
800
800
804
800
792
792
800
792
788
776
780
780
780
768
768
772
780
772
768
772
776
776
768
764
768
776
772
772
780
788
788
784
788
788
788
788
780
788
784
780
776
784
784
768
768
760
756
748
748
744
748
744
744
760
760
756
760
764
776
772
784
