# R peak detection mw_size = 100 & upshift = 3.5.
# Total artifacts removed = 6 ( 2 false peaks + 4 false ibis).
752
748
748
728
740
736
740
744
748
756
764
764
768
768
764
756
752
764
nan
696
700
704
716
736
740
748
752
764
776
792
784
772
784
784
784
784
776
780
788
784
780
788
792
788
772
776
760
760
752
752
756
744
nan
708
712
712
708
704
nan
732
732
740
744
748
768
772
764
772
780
780
776
784
780
788
780
792
784
792
800
792
780
768
772
760
760
764
768
764
772
776
780
776
776
784
800
784
780
784
784
784
788
792
796
792
788
800
804
804
792
792
792
800
784
800
808
800
800
800
804
800
784
784
780
772
776
768
780
776
780
788
796
788
792
784
800
788
784
784
796
788
792
784
776
784
772
768
764
768
768
768
772
788
792
780
788
784
784
772
772
768
784
776
768
776
784
784
796
788
796
792
792
800
800
792
792
788
796
784
776
792
784
784
776
780
792
788
792
788
784
788
788
776
784
784
772
772
764
780
768
752
736
732
732
728
716
712
712
720
720
724
724
736
744
748
752
764
768
772
768
776
776
776
772
764
768
772
764
764
764
776
780
780
784
792
792
784
792
792
792
776
768
756
748
748
736
736
744
736
nan
704
720
732
752
752
772
772
788
796
788
804
812
812
792
808
792
808
800
792
792
800
792
784
780
780
784
776
768
764
776
776
776
768
772
776
776
768
764
768
776
772
768
784
788
792
776
792
788
788
784
784
792
784
776
776
784
784
768
768
756
760
748
744
748
748
740
748
760
760
760
756
764
772
776
784
