# R peak detection mw_size = 60 & upshift = 4.7
752
748
752
732
732
736
748
736
748
768
748
768
768
764
768
752
764
752
nan
700
700
700
720
732
740
748
752
764
780
788
784
776
780
788
784
780
776
780
788
788
776
792
788
788
776
772
764
756
752
756
756
744
nan
712
708
712
704
708
nan
732
732
740
740
752
768
772
764
772
780
780
780
780
784
784
784
788
784
792
800
792
780
768
772
760
760
764
768
764
772
776
780
776
776
784
800
784
780
784
784
784
784
800
792
792
792
796
808
804
792
788
796
796
792
796
804
800
800
800
804
800
784
788
776
776
772
768
780
780
776
792
792
792
788
784
800
788
780
788
796
792
788
784
776
784
772
768
764
768
768
768
768
792
792
780
788
784
784
772
772
768
784
776
772
772
784
784
796
784
800
796
788
800
800
792
792
788
796
784
784
784
784
784
776
784
788
788
796
784
788
784
784
780
784
784
772
772
768
776
772
752
736
732
732
724
720
712
712
716
720
724
732
728
744
748
752
764
768
768
776
772
780
772
772
764
768
776
764
760
768
772
780
784
784
792
788
784
792
792
792
776
768
760
744
748
736
736
744
740
nan
708
724
728
748
760
764
772
792
792
792
804
808
812
800
800
800
800
800
796
792
800
792
788
772
780
784
776
772
764
772
784
768
768
772
776
780
764
764
772
772
772
772
780
792
788
784
784
788
792
788
780
788
784
780
772
784
784
768
768
764
752
752
748
744
744
748
744
756
764
756
760
764
776
768
784
